0.444263 0.257218 0.320000 -0.000949 0.000000 -0.000052 0.000000 0.000000 -0.000040
0.882522 0.257258 0.320000 -0.001943 0.000000 0.000009 0.000000 0.000000 -0.000109
1.314346 0.257339 0.320000 -0.002749 0.000000 -0.000109 0.000000 0.000000 -0.000104
1.738911 0.257465 0.320000 -0.003581 0.000000 -0.000080 0.000000 0.000000 -0.000106
2.155363 0.257639 0.320000 -0.004375 0.000000 -0.000094 0.000000 0.000000 -0.000107
2.563156 0.257863 0.320000 -0.005134 0.000000 -0.000080 0.000000 0.000000 -0.000100
2.961741 0.258131 0.320000 -0.005825 0.000000 -0.000082 0.000000 0.000000 -0.000096
3.350614 0.258453 0.320000 -0.006475 0.000000 -0.000080 0.000000 0.000000 -0.000091
3.729439 0.258821 0.320000 -0.007045 0.000000 -0.000086 0.000000 0.000000 -0.000080
4.097838 0.259243 0.320000 -0.007597 0.000000 -0.000074 0.000000 0.000000 -0.000071
4.455506 0.259715 0.320000 -0.008092 0.000000 -0.000071 0.000000 0.000000 -0.000060
4.802199 0.260239 0.320000 -0.008548 0.000000 -0.000065 0.000000 0.000000 -0.000045
5.137656 0.260815 0.320000 -0.008947 0.000000 -0.000061 0.000000 0.000000 -0.000033
5.461799 0.261436 0.320000 -0.009282 0.000000 -0.000055 0.000000 0.000000 -0.000017
5.774866 0.262097 0.320000 -0.009480 0.000000 -0.000071 0.000000 0.000000 -0.000000
6.076746 0.262808 0.320000 -0.009680 0.000000 -0.000073 0.000000 0.000000 0.000023
6.367411 0.263563 0.320000 -0.009842 0.000000 -0.000069 0.000000 0.000000 0.000045
6.646998 0.264358 0.320000 -0.009918 0.000000 -0.000068 0.000000 0.000000 0.000056
6.915765 0.265179 0.320000 -0.009904 0.000000 -0.000083 0.000000 0.000000 0.000064
7.174151 0.266025 0.320000 -0.009805 0.000000 -0.000107 0.000000 0.000000 0.000065
7.422311 0.266909 0.320000 -0.009696 0.000000 -0.000125 0.000000 0.000000 0.000074
7.660293 0.267842 0.320000 -0.009591 0.000000 -0.000114 0.000000 0.000000 0.000096
7.888150 0.268817 0.320000 -0.009472 0.000000 -0.000096 0.000000 0.000000 0.000096
8.106006 0.269828 0.320000 -0.009322 0.000000 -0.000068 0.000000 0.000000 0.000119
8.314138 0.270875 0.320000 -0.009100 0.000000 -0.000047 0.000000 0.000000 0.000145
8.512848 0.271943 0.320000 -0.008818 0.000000 -0.000034 0.000000 0.000000 0.000149
8.702583 0.273026 0.320000 -0.008470 0.000000 -0.000030 0.000000 0.000000 0.000159
8.883795 0.274110 0.320000 -0.008062 0.000000 -0.000029 0.000000 0.000000 0.000153
9.056855 0.275213 0.320000 -0.007634 0.000000 -0.000027 0.000000 0.000000 0.000147
9.222062 0.276337 0.320000 -0.007193 0.000000 -0.000023 0.000000 0.000000 0.000152
9.379604 0.277491 0.320000 -0.006731 0.000000 -0.000009 0.000000 0.000000 0.000146
9.529724 0.278665 0.320000 -0.006239 0.000000 0.000006 0.000000 0.000000 0.000144
9.672735 0.279845 0.320000 -0.005719 0.000000 0.000019 0.000000 0.000000 0.000141
9.808950 0.281036 0.320000 -0.005167 0.000000 0.000025 0.000000 0.000000 0.000138
9.938709 0.282221 0.320000 -0.004594 0.000000 0.000030 0.000000 0.000000 0.000156
10.062339 0.283412 0.320000 -0.004005 0.000000 0.000032 0.000000 0.000000 0.000163
10.180080 0.284612 0.320000 -0.003391 0.000000 0.000034 0.000000 0.000000 0.000158
10.292295 0.285776 0.320000 -0.002793 0.000000 0.000040 0.000000 0.000000 0.000150
10.399232 0.286958 0.320000 -0.002180 0.000000 0.000043 0.000000 0.000000 0.000144
10.501105 0.288131 0.320000 -0.001551 0.000000 0.000043 0.000000 0.000000 0.000129
10.598151 0.289305 0.320000 -0.000904 0.000000 0.000044 0.000000 0.000000 0.000144
10.690592 0.290464 0.320000 -0.000269 0.000000 0.000044 0.000000 0.000000 0.000145
10.778652 0.291619 0.320000 0.000381 0.000000 0.000036 0.000000 0.000000 0.000130
10.862541 0.292749 0.320000 0.001012 0.000000 0.000035 0.000000 0.000000 0.000131
10.942464 0.293861 0.320000 0.001623 0.000000 0.000036 0.000000 0.000000 0.000125
11.018615 0.294958 0.320000 0.002219 0.000000 0.000031 0.000000 0.000000 0.000110
11.091153 0.296038 0.320000 0.002805 0.000000 0.000024 0.000000 0.000000 0.000097
11.160249 0.297100 0.320000 0.003394 0.000000 0.000011 0.000000 0.000000 0.000090
11.226061 0.298133 0.320000 0.003950 0.000000 0.000005 0.000000 0.000000 0.000075
11.288769 0.299130 0.320000 0.004452 0.000000 0.000007 0.000000 0.000000 0.000071
11.348558 0.300081 0.320000 0.004862 0.000000 0.000027 0.000000 0.000000 0.000080
11.405577 0.300995 0.320000 0.005214 0.000000 0.000053 0.000000 0.000000 0.000066
11.459969 0.301875 0.320000 0.005560 0.000000 0.000067 0.000000 0.000000 0.000054
11.511862 0.302735 0.320000 0.005907 0.000000 0.000069 0.000000 0.000000 0.000029
11.561413 0.303546 0.320000 0.006196 0.000000 0.000089 0.000000 0.000000 0.000018
11.608713 0.304337 0.320000 0.006506 0.000000 0.000084 0.000000 0.000000 0.000003
11.653882 0.305100 0.320000 0.006793 0.000000 0.000079 0.000000 0.000000 -0.000016
11.697025 0.305834 0.320000 0.007087 0.000000 0.000066 0.000000 0.000000 -0.000026
11.738256 0.306537 0.320000 0.007300 0.000000 0.000064 0.000000 0.000000 -0.000041
11.777665 0.307209 0.320000 0.007491 0.000000 0.000065 0.000000 0.000000 -0.000058
11.815350 0.307854 0.320000 0.007668 0.000000 0.000058 0.000000 0.000000 -0.000072
11.851394 0.308477 0.320000 0.007842 0.000000 0.000040 0.000000 0.000000 -0.000088
11.885888 0.309070 0.320000 0.007977 0.000000 0.000021 0.000000 0.000000 -0.000100
11.918924 0.309635 0.320000 0.008080 0.000000 0.000005 0.000000 0.000000 -0.000107
11.950590 0.310169 0.320000 0.008141 0.000000 -0.000009 0.000000 0.000000 -0.000115
11.980993 0.310662 0.320000 0.008088 0.000000 0.000005 0.000000 0.000000 -0.000126
12.010199 0.311130 0.320000 0.008005 0.000000 0.000014 0.000000 0.000000 -0.000136
12.038300 0.311568 0.320000 0.007919 0.000000 0.000014 0.000000 0.000000 -0.000148
12.065385 0.311982 0.320000 0.007813 0.000000 0.000020 0.000000 0.000000 -0.000144
12.091547 0.312365 0.320000 0.007668 0.000000 0.000024 0.000000 0.000000 -0.000154
12.116867 0.312721 0.320000 0.007493 0.000000 0.000030 0.000000 0.000000 -0.000161
12.141423 0.313050 0.320000 0.007297 0.000000 0.000035 0.000000 0.000000 -0.000163
12.165301 0.313351 0.320000 0.007059 0.000000 0.000049 0.000000 0.000000 -0.000170
12.188571 0.313630 0.320000 0.006801 0.000000 0.000056 0.000000 0.000000 -0.000175
12.211308 0.313885 0.320000 0.006538 0.000000 0.000063 0.000000 0.000000 -0.000182
12.233586 0.314119 0.320000 0.006272 0.000000 0.000065 0.000000 0.000000 -0.000184
12.255479 0.314332 0.320000 0.005988 0.000000 0.000062 0.000000 0.000000 -0.000190
12.277051 0.314526 0.320000 0.005697 0.000000 0.000059 0.000000 0.000000 -0.000190
12.298373 0.314699 0.320000 0.005388 0.000000 0.000056 0.000000 0.000000 -0.000194
12.319500 0.314855 0.320000 0.005059 0.000000 0.000052 0.000000 0.000000 -0.000195
12.340490 0.314991 0.320000 0.004710 0.000000 0.000052 0.000000 0.000000 -0.000198
12.361392 0.315112 0.320000 0.004365 0.000000 0.000047 0.000000 0.000000 -0.000200
12.382263 0.315215 0.320000 0.003989 0.000000 0.000053 0.000000 0.000000 -0.000200
12.403142 0.315303 0.320000 0.003586 0.000000 0.000061 0.000000 0.000000 -0.000197
12.424062 0.315377 0.320000 0.003182 0.000000 0.000071 0.000000 0.000000 -0.000194
12.445067 0.315440 0.320000 0.002800 0.000000 0.000070 0.000000 0.000000 -0.000192
12.466204 0.315490 0.320000 0.002422 0.000000 0.000063 0.000000 0.000000 -0.000190
12.487511 0.315528 0.320000 0.002037 0.000000 0.000053 0.000000 0.000000 -0.000185
12.509026 0.315555 0.320000 0.001632 0.000000 0.000046 0.000000 0.000000 -0.000197
12.530768 0.315571 0.320000 0.001213 0.000000 0.000025 0.000000 0.000000 -0.000210
12.552747 0.315579 0.320000 0.000789 0.000000 0.000026 0.000000 0.000000 -0.000193
12.574959 0.315580 0.320000 0.000292 0.000000 0.000034 0.000000 0.000000 -0.000190
12.597434 0.315573 0.320000 -0.000160 0.000000 0.000031 0.000000 0.000000 -0.000183
12.620139 0.315562 0.320000 -0.000615 0.000000 0.000046 0.000000 0.000000 -0.000178
12.643116 0.315543 0.320000 -0.000979 0.000000 0.000047 0.000000 0.000000 -0.000168
12.666385 0.315519 0.320000 -0.001336 0.000000 0.000047 0.000000 0.000000 -0.000162
12.689939 0.315492 0.320000 -0.001689 0.000000 0.000055 0.000000 0.000000 -0.000154
12.713766 0.315461 0.320000 -0.002021 0.000000 0.000064 0.000000 0.000000 -0.000149
12.737864 0.315427 0.320000 -0.002335 0.000000 0.000060 0.000000 0.000000 -0.000137
12.762222 0.315391 0.320000 -0.002634 0.000000 0.000063 0.000000 0.000000 -0.000128
12.786829 0.315354 0.320000 -0.002917 0.000000 0.000067 0.000000 0.000000 -0.000120
12.811671 0.315316 0.320000 -0.003184 0.000000 0.000077 0.000000 0.000000 -0.000110
12.836727 0.315277 0.320000 -0.003432 0.000000 0.000091 0.000000 0.000000 -0.000098
12.861979 0.315239 0.320000 -0.003666 0.000000 0.000100 0.000000 0.000000 -0.000089
12.887409 0.315202 0.320000 -0.003880 0.000000 0.000096 0.000000 0.000000 -0.000081
12.912990 0.315167 0.320000 -0.004073 0.000000 0.000103 0.000000 0.000000 -0.000072
12.938696 0.315135 0.320000 -0.004240 0.000000 0.000108 0.000000 0.000000 -0.000065
12.964503 0.315105 0.320000 -0.004361 0.000000 0.000101 0.000000 0.000000 -0.000062
12.990399 0.315077 0.320000 -0.004463 0.000000 0.000103 0.000000 0.000000 -0.000046
13.016349 0.315052 0.320000 -0.004546 0.000000 0.000101 0.000000 0.000000 -0.000043
13.042329 0.315030 0.320000 -0.004598 0.000000 0.000104 0.000000 0.000000 -0.000031
13.068302 0.315012 0.320000 -0.004643 0.000000 0.000104 0.000000 0.000000 -0.000017
13.094235 0.314998 0.320000 -0.004688 0.000000 0.000115 0.000000 0.000000 -0.000009
13.120097 0.314989 0.320000 -0.004725 0.000000 0.000120 0.000000 0.000000 0.000001
13.145855 0.314984 0.320000 -0.004751 0.000000 0.000128 0.000000 0.000000 0.000009
13.171489 0.314983 0.320000 -0.004738 0.000000 0.000120 0.000000 0.000000 0.000012
13.196984 0.314986 0.320000 -0.004734 0.000000 0.000140 0.000000 0.000000 0.000032
13.222313 0.314993 0.320000 -0.004737 0.000000 0.000125 0.000000 0.000000 0.000003
13.247451 0.315004 0.320000 -0.004694 0.000000 0.000136 0.000000 0.000000 0.000042
13.272356 0.315021 0.320000 -0.004651 0.000000 0.000137 0.000000 0.000000 0.000046
13.296999 0.315044 0.320000 -0.004599 0.000000 0.000138 0.000000 0.000000 0.000050
13.321349 0.315072 0.320000 -0.004534 0.000000 0.000135 0.000000 0.000000 0.000058
13.345388 0.315104 0.320000 -0.004452 0.000000 0.000140 0.000000 0.000000 0.000059
13.369099 0.315140 0.320000 -0.004356 0.000000 0.000138 0.000000 0.000000 0.000062
13.392458 0.315183 0.320000 -0.004249 0.000000 0.000140 0.000000 0.000000 0.000064
13.415438 0.315230 0.320000 -0.004140 0.000000 0.000140 0.000000 0.000000 0.000069
13.438018 0.315282 0.320000 -0.004018 0.000000 0.000137 0.000000 0.000000 0.000072
13.460180 0.315338 0.320000 -0.003880 0.000000 0.000134 0.000000 0.000000 0.000072
13.481910 0.315399 0.320000 -0.003737 0.000000 0.000130 0.000000 0.000000 0.000074
13.503187 0.315465 0.320000 -0.003585 0.000000 0.000127 0.000000 0.000000 0.000075
13.523994 0.315535 0.320000 -0.003423 0.000000 0.000124 0.000000 0.000000 0.000079
13.544318 0.315609 0.320000 -0.003255 0.000000 0.000119 0.000000 0.000000 0.000079
13.564153 0.315685 0.320000 -0.003078 0.000000 0.000118 0.000000 0.000000 0.000080
13.583498 0.315763 0.320000 -0.002891 0.000000 0.000106 0.000000 0.000000 0.000081
13.602349 0.315844 0.320000 -0.002705 0.000000 0.000098 0.000000 0.000000 0.000079
13.620708 0.315926 0.320000 -0.002518 0.000000 0.000090 0.000000 0.000000 0.000079
13.638571 0.316011 0.320000 -0.002331 0.000000 0.000081 0.000000 0.000000 0.000082
13.655927 0.316099 0.320000 -0.002144 0.000000 0.000075 0.000000 0.000000 0.000082
13.672771 0.316190 0.320000 -0.001954 0.000000 0.000068 0.000000 0.000000 0.000084
13.689093 0.316284 0.320000 -0.001762 0.000000 0.000063 0.000000 0.000000 0.000086
13.704888 0.316380 0.320000 -0.001564 0.000000 0.000059 0.000000 0.000000 0.000089
13.720153 0.316478 0.320000 -0.001366 0.000000 0.000057 0.000000 0.000000 0.000093
13.734892 0.316576 0.320000 -0.001171 0.000000 0.000053 0.000000 0.000000 0.000094
13.749114 0.316674 0.320000 -0.000982 0.000000 0.000050 0.000000 0.000000 0.000094
13.762825 0.316773 0.320000 -0.000796 0.000000 0.000047 0.000000 0.000000 0.000094
13.776029 0.316872 0.320000 -0.000612 0.000000 0.000044 0.000000 0.000000 0.000093
13.788733 0.316971 0.320000 -0.000431 0.000000 0.000042 0.000000 0.000000 0.000092
13.800943 0.317070 0.320000 -0.000258 0.000000 0.000039 0.000000 0.000000 0.000093
13.812671 0.317167 0.320000 -0.000091 0.000000 0.000039 0.000000 0.000000 0.000093
13.823928 0.317263 0.320000 0.000068 0.000000 0.000037 0.000000 0.000000 0.000093
13.834727 0.317358 0.320000 0.000223 0.000000 0.000037 0.000000 0.000000 0.000093
13.845076 0.317452 0.320000 0.000371 0.000000 0.000037 0.000000 0.000000 0.000086
13.854985 0.317546 0.320000 0.000511 0.000000 0.000033 0.000000 0.000000 0.000080
13.864457 0.317639 0.320000 0.000644 0.000000 0.000026 0.000000 0.000000 0.000074
13.873497 0.317733 0.320000 0.000774 0.000000 0.000019 0.000000 0.000000 0.000067
13.882110 0.317827 0.320000 0.000899 0.000000 0.000011 0.000000 0.000000 0.000062
13.890307 0.317919 0.320000 0.001019 0.000000 0.000002 0.000000 0.000000 0.000059
13.898099 0.318009 0.320000 0.001129 0.000000 -0.000008 0.000000 0.000000 0.000056
13.905499 0.318097 0.320000 0.001229 0.000000 -0.000015 0.000000 0.000000 0.000052
13.912515 0.318184 0.320000 0.001321 0.000000 -0.000023 0.000000 0.000000 0.000048
13.919164 0.318268 0.320000 0.001404 0.000000 -0.000033 0.000000 0.000000 0.000043
13.925456 0.318351 0.320000 0.001483 0.000000 -0.000041 0.000000 0.000000 0.000039
13.931405 0.318431 0.320000 0.001553 0.000000 -0.000049 0.000000 0.000000 0.000035
13.937021 0.318510 0.320000 0.001621 0.000000 -0.000058 0.000000 0.000000 0.000032
13.942314 0.318587 0.320000 0.001680 0.000000 -0.000067 0.000000 0.000000 0.000030
13.947298 0.318662 0.320000 0.001728 0.000000 -0.000074 0.000000 0.000000 0.000027
13.951989 0.318734 0.320000 0.001772 0.000000 -0.000080 0.000000 0.000000 0.000025
13.956397 0.318803 0.320000 0.001805 0.000000 -0.000087 0.000000 0.000000 0.000023
13.960538 0.318869 0.320000 0.001828 0.000000 -0.000093 0.000000 0.000000 0.000021
13.964427 0.318932 0.320000 0.001842 0.000000 -0.000097 0.000000 0.000000 0.000019
13.968081 0.318992 0.320000 0.001849 0.000000 -0.000099 0.000000 0.000000 0.000018
13.971511 0.319049 0.320000 0.001852 0.000000 -0.000101 0.000000 0.000000 0.000017
13.974731 0.319104 0.320000 0.001845 0.000000 -0.000103 0.000000 0.000000 0.000013
13.977755 0.319156 0.320000 0.001835 0.000000 -0.000105 0.000000 0.000000 0.000012
13.980596 0.319206 0.320000 0.001821 0.000000 -0.000108 0.000000 0.000000 0.000010
13.983266 0.319252 0.320000 0.001796 0.000000 -0.000113 0.000000 0.000000 0.000004
13.985780 0.319296 0.320000 0.001760 0.000000 -0.000118 0.000000 0.000000 -0.000004
13.988147 0.319337 0.320000 0.001719 0.000000 -0.000125 0.000000 0.000000 -0.000009
13.990378 0.319376 0.320000 0.001677 0.000000 -0.000133 0.000000 0.000000 -0.000012
13.992484 0.319413 0.320000 0.001636 0.000000 -0.000141 0.000000 0.000000 -0.000014
13.994477 0.319447 0.320000 0.001591 0.000000 -0.000150 0.000000 0.000000 -0.000016
13.996366 0.319480 0.320000 0.001542 0.000000 -0.000159 0.000000 0.000000 -0.000016
13.998163 0.319509 0.320000 0.001487 0.000000 -0.000163 0.000000 0.000000 -0.000015
13.999876 0.319537 0.320000 0.001433 0.000000 -0.000165 0.000000 0.000000 -0.000014
14.001517 0.319562 0.320000 0.001374 0.000000 -0.000164 0.000000 0.000000 -0.000012
14.003094 0.319585 0.320000 0.001311 0.000000 -0.000159 0.000000 0.000000 -0.000009
14.004617 0.319605 0.320000 0.001246 0.000000 -0.000154 0.000000 0.000000 -0.000007
14.006093 0.319624 0.320000 0.001182 0.000000 -0.000146 0.000000 0.000000 -0.000004
14.007530 0.319641 0.320000 0.001113 0.000000 -0.000135 0.000000 0.000000 0.000002
14.008935 0.319656 0.320000 0.001036 0.000000 -0.000113 0.000000 0.000000 0.000007
14.010315 0.319668 0.320000 0.000944 0.000000 -0.000104 0.000000 0.000000 0.000009
14.011676 0.319680 0.320000 0.000843 0.000000 -0.000096 0.000000 0.000000 0.000012
14.013023 0.319689 0.320000 0.000744 0.000000 -0.000089 0.000000 0.000000 0.000010
14.014365 0.319697 0.320000 0.000656 0.000000 -0.000075 0.000000 0.000000 0.000012
14.015710 0.319703 0.320000 0.000575 0.000000 -0.000066 0.000000 0.000000 0.000011
14.017064 0.319708 0.320000 0.000499 0.000000 -0.000057 0.000000 0.000000 0.000010
14.018432 0.319711 0.320000 0.000419 0.000000 -0.000047 0.000000 0.000000 0.000009
14.019816 0.319714 0.320000 0.000339 0.000000 -0.000039 0.000000 0.000000 0.000010
14.021212 0.319715 0.320000 0.000236 0.000000 -0.000019 0.000000 0.000000 0.000004
14.022624 0.319716 0.320000 0.000159 0.000000 -0.000008 0.000000 0.000000 -0.000002
14.024055 0.319716 0.320000 0.000085 0.000000 0.000003 0.000000 0.000000 -0.000008
14.025508 0.319715 0.320000 0.000016 0.000000 0.000015 0.000000 0.000000 0.000014
14.026987 0.319713 0.320000 -0.000056 0.000000 0.000022 0.000000 0.000000 0.000015
14.028496 0.319711 0.320000 -0.000102 0.000000 0.000018 0.000000 0.000000 0.000015
14.030036 0.319707 0.320000 -0.000150 0.000000 0.000024 0.000000 0.000000 0.000015
14.031611 0.319703 0.320000 -0.000175 0.000000 0.000025 0.000000 0.000000 0.000025
14.033223 0.319699 0.320000 -0.000196 0.000000 0.000026 0.000000 0.000000 0.000029
14.034874 0.319694 0.320000 -0.000222 0.000000 0.000025 0.000000 0.000000 0.000030
14.036562 0.319688 0.320000 -0.000252 0.000000 0.000033 0.000000 0.000000 0.000033
14.038288 0.319682 0.320000 -0.000280 0.000000 0.000034 0.000000 0.000000 0.000034
14.040051 0.319676 0.320000 -0.000306 0.000000 0.000037 0.000000 0.000000 0.000036
14.041850 0.319669 0.320000 -0.000334 0.000000 0.000042 0.000000 0.000000 0.000038
14.043685 0.319663 0.320000 -0.000359 0.000000 0.000046 0.000000 0.000000 0.000041
14.045554 0.319656 0.320000 -0.000382 0.000000 0.000048 0.000000 0.000000 0.000043
14.047456 0.319650 0.320000 -0.000404 0.000000 0.000056 0.000000 0.000000 0.000045
14.049388 0.319644 0.320000 -0.000424 0.000000 0.000057 0.000000 0.000000 0.000047
14.051349 0.319637 0.320000 -0.000443 0.000000 0.000056 0.000000 0.000000 0.000050
14.053338 0.319631 0.320000 -0.000460 0.000000 0.000060 0.000000 0.000000 0.000052
14.055352 0.319625 0.320000 -0.000476 0.000000 0.000061 0.000000 0.000000 0.000054
14.057388 0.319620 0.320000 -0.000489 0.000000 0.000058 0.000000 0.000000 0.000056
14.059446 0.319615 0.320000 -0.000499 0.000000 0.000053 0.000000 0.000000 0.000058
14.061520 0.319610 0.320000 -0.000510 0.000000 0.000064 0.000000 0.000000 0.000060
14.063610 0.319605 0.320000 -0.000521 0.000000 0.000066 0.000000 0.000000 0.000062
14.065713 0.319601 0.320000 -0.000521 0.000000 0.000061 0.000000 0.000000 0.000063
14.067827 0.319597 0.320000 -0.000516 0.000000 0.000058 0.000000 0.000000 0.000061
14.069953 0.319594 0.320000 -0.000501 0.000000 0.000053 0.000000 0.000000 0.000057
14.072086 0.319591 0.320000 -0.000499 0.000000 0.000053 0.000000 0.000000 0.000058
14.074223 0.319588 0.320000 -0.000492 0.000000 0.000058 0.000000 0.000000 0.000056
14.076366 0.319586 0.320000 -0.000478 0.000000 0.000056 0.000000 0.000000 0.000061
14.078511 0.319584 0.320000 -0.000464 0.000000 0.000054 0.000000 0.000000 0.000063
14.080652 0.319582 0.320000 -0.000458 0.000000 0.000048 0.000000 0.000000 0.000068
14.082786 0.319581 0.320000 -0.000467 0.000000 0.000057 0.000000 0.000000 0.000080
14.084910 0.319581 0.320000 -0.000473 0.000000 0.000069 0.000000 0.000000 0.000081
14.087024 0.319581 0.320000 -0.000475 0.000000 0.000076 0.000000 0.000000 0.000084
14.089125 0.319582 0.320000 -0.000474 0.000000 0.000075 0.000000 0.000000 0.000078
14.091208 0.319583 0.320000 -0.000463 0.000000 0.000072 0.000000 0.000000 0.000081
14.093274 0.319584 0.320000 -0.000443 0.000000 0.000061 0.000000 0.000000 0.000080
14.095321 0.319587 0.320000 -0.000419 0.000000 0.000062 0.000000 0.000000 0.000073
14.097348 0.319589 0.320000 -0.000387 0.000000 0.000053 0.000000 0.000000 0.000065
14.099352 0.319592 0.320000 -0.000353 0.000000 0.000043 0.000000 0.000000 0.000054
14.101332 0.319595 0.320000 -0.000321 0.000000 0.000035 0.000000 0.000000 0.000046
14.103286 0.319599 0.320000 -0.000286 0.000000 0.000024 0.000000 0.000000 0.000047
14.105208 0.319603 0.320000 -0.000255 0.000000 0.000027 0.000000 0.000000 0.000065
14.107094 0.319608 0.320000 -0.000234 0.000000 0.000028 0.000000 0.000000 0.000074
14.108944 0.319613 0.320000 -0.000208 0.000000 0.000020 0.000000 0.000000 0.000070
14.110755 0.319619 0.320000 -0.000180 0.000000 0.000021 0.000000 0.000000 0.000071
14.112527 0.319625 0.320000 -0.000144 0.000000 0.000016 0.000000 0.000000 0.000071
14.114260 0.319632 0.320000 -0.000114 0.000000 0.000021 0.000000 0.000000 0.000067
14.115950 0.319639 0.320000 -0.000092 0.000000 0.000016 0.000000 0.000000 0.000066
14.117596 0.319646 0.320000 -0.000072 0.000000 0.000010 0.000000 0.000000 0.000066
14.119197 0.319654 0.320000 -0.000053 0.000000 0.000006 0.000000 0.000000 0.000065
14.120752 0.319662 0.320000 -0.000038 0.000000 0.000002 0.000000 0.000000 0.000066
14.122259 0.319670 0.320000 -0.000024 0.000000 -0.000008 0.000000 0.000000 0.000064
14.123719 0.319679 0.320000 -0.000010 0.000000 -0.000009 0.000000 0.000000 0.000062
14.125129 0.319688 0.320000 0.000003 0.000000 -0.000018 0.000000 0.000000 0.000063
14.126491 0.319697 0.320000 0.000013 0.000000 -0.000026 0.000000 0.000000 0.000063
14.127804 0.319706 0.320000 0.000022 0.000000 -0.000029 0.000000 0.000000 0.000063
14.129068 0.319715 0.320000 0.000031 0.000000 -0.000029 0.000000 0.000000 0.000062
14.130284 0.319724 0.320000 0.000040 0.000000 -0.000029 0.000000 0.000000 0.000062
14.131453 0.319734 0.320000 0.000047 0.000000 -0.000032 0.000000 0.000000 0.000061
14.132575 0.319743 0.320000 0.000056 0.000000 -0.000031 0.000000 0.000000 0.000062
14.133650 0.319752 0.320000 0.000060 0.000000 -0.000030 0.000000 0.000000 0.000061
14.134680 0.319762 0.320000 0.000068 0.000000 -0.000034 0.000000 0.000000 0.000060
14.135664 0.319771 0.320000 0.000074 0.000000 -0.000036 0.000000 0.000000 0.000057
14.136604 0.319780 0.320000 0.000082 0.000000 -0.000037 0.000000 0.000000 0.000057
14.137500 0.319789 0.320000 0.000088 0.000000 -0.000038 0.000000 0.000000 0.000057
14.138353 0.319798 0.320000 0.000097 0.000000 -0.000044 0.000000 0.000000 0.000056
14.139163 0.319807 0.320000 0.000104 0.000000 -0.000048 0.000000 0.000000 0.000055
14.139932 0.319817 0.320000 0.000110 0.000000 -0.000048 0.000000 0.000000 0.000055
14.140660 0.319825 0.320000 0.000112 0.000000 -0.000043 0.000000 0.000000 0.000054
14.141348 0.319834 0.320000 0.000120 0.000000 -0.000046 0.000000 0.000000 0.000054
14.141998 0.319843 0.320000 0.000125 0.000000 -0.000049 0.000000 0.000000 0.000053
14.142610 0.319851 0.320000 0.000131 0.000000 -0.000050 0.000000 0.000000 0.000053
14.143187 0.319859 0.320000 0.000134 0.000000 -0.000054 0.000000 0.000000 0.000053
14.143729 0.319867 0.320000 0.000140 0.000000 -0.000053 0.000000 0.000000 0.000052
14.144237 0.319875 0.320000 0.000143 0.000000 -0.000056 0.000000 0.000000 0.000052
14.144714 0.319883 0.320000 0.000149 0.000000 -0.000059 0.000000 0.000000 0.000052
14.145160 0.319890 0.320000 0.000153 0.000000 -0.000062 0.000000 0.000000 0.000052
14.145577 0.319897 0.320000 0.000156 0.000000 -0.000053 0.000000 0.000000 0.000051
14.145967 0.319904 0.320000 0.000161 0.000000 -0.000053 0.000000 0.000000 0.000050
14.146331 0.319910 0.320000 0.000163 0.000000 -0.000051 0.000000 0.000000 0.000051
14.146671 0.319916 0.320000 0.000164 0.000000 -0.000054 0.000000 0.000000 0.000051
14.146988 0.319922 0.320000 0.000163 0.000000 -0.000053 0.000000 0.000000 0.000050
14.147284 0.319927 0.320000 0.000163 0.000000 -0.000052 0.000000 0.000000 0.000051
14.147560 0.319933 0.320000 0.000159 0.000000 -0.000045 0.000000 0.000000 0.000050
14.147817 0.319937 0.320000 0.000160 0.000000 -0.000041 0.000000 0.000000 0.000051
14.148059 0.319942 0.320000 0.000158 0.000000 -0.000043 0.000000 0.000000 0.000051
14.148285 0.319946 0.320000 0.000150 0.000000 -0.000047 0.000000 0.000000 0.000051
14.148497 0.319950 0.320000 0.000141 0.000000 -0.000050 0.000000 0.000000 0.000052
14.148697 0.319954 0.320000 0.000131 0.000000 -0.000053 0.000000 0.000000 0.000050
14.148885 0.319957 0.320000 0.000116 0.000000 -0.000051 0.000000 0.000000 0.000045
14.149062 0.319960 0.320000 0.000099 0.000000 -0.000054 0.000000 0.000000 0.000039
14.149230 0.319963 0.320000 0.000089 0.000000 -0.000046 0.000000 0.000000 0.000031
14.149391 0.319966 0.320000 0.000083 0.000000 -0.000047 0.000000 0.000000 0.000028
14.149544 0.319968 0.320000 0.000072 0.000000 -0.000042 0.000000 0.000000 0.000021
14.149694 0.319970 0.320000 0.000076 0.000000 -0.000037 0.000000 0.000000 0.000016
14.149838 0.319972 0.320000 0.000067 0.000000 -0.000043 0.000000 0.000000 0.000003
14.149979 0.319974 0.320000 0.000066 0.000000 -0.000042 0.000000 0.000000 -0.000008
14.150117 0.319975 0.320000 0.000065 0.000000 -0.000045 0.000000 0.000000 -0.000019
14.150253 0.319977 0.320000 0.000061 0.000000 -0.000040 0.000000 0.000000 -0.000027
14.150387 0.319978 0.320000 0.000056 0.000000 -0.000037 0.000000 0.000000 -0.000036
14.150520 0.319979 0.320000 0.000053 0.000000 -0.000034 0.000000 0.000000 -0.000038
14.150652 0.319980 0.320000 0.000053 0.000000 -0.000029 0.000000 0.000000 -0.000031
14.150785 0.319980 0.320000 0.000051 0.000000 -0.000022 0.000000 0.000000 -0.000019
14.150918 0.319981 0.320000 0.000051 0.000000 -0.000020 0.000000 0.000000 -0.000009
14.151052 0.319981 0.320000 0.000044 0.000000 -0.000013 0.000000 0.000000 -0.000001
14.151188 0.319981 0.320000 0.000037 0.000000 -0.000003 0.000000 0.000000 0.000006
14.151326 0.319981 0.320000 0.000036 0.000000 -0.000008 0.000000 0.000000 0.000016
14.151467 0.319981 0.320000 0.000027 0.000000 -0.000006 0.000000 0.000000 0.000025
14.151612 0.319981 0.320000 0.000023 0.000000 -0.000008 0.000000 0.000000 0.000031
14.151758 0.319981 0.320000 0.000014 0.000000 -0.000002 0.000000 0.000000 0.000038
14.151909 0.319980 0.320000 0.000013 0.000000 -0.000001 0.000000 0.000000 0.000043
14.152063 0.319980 0.320000 0.000014 0.000000 -0.000012 0.000000 0.000000 0.000044
14.152224 0.319979 0.320000 0.000020 0.000000 -0.000016 0.000000 0.000000 0.000044
14.152391 0.319978 0.320000 0.000025 0.000000 -0.000020 0.000000 0.000000 0.000045
14.152563 0.319977 0.320000 0.000032 0.000000 -0.000020 0.000000 0.000000 0.000046
14.152741 0.319977 0.320000 0.000034 0.000000 -0.000018 0.000000 0.000000 0.000045
14.152923 0.319976 0.320000 0.000036 0.000000 -0.000017 0.000000 0.000000 0.000046
14.153109 0.319975 0.320000 0.000034 0.000000 -0.000013 0.000000 0.000000 0.000045
14.153299 0.319974 0.320000 0.000036 0.000000 -0.000018 0.000000 0.000000 0.000043
14.153494 0.319973 0.320000 0.000036 0.000000 -0.000012 0.000000 0.000000 0.000044
14.153694 0.319972 0.320000 0.000036 0.000000 -0.000008 0.000000 0.000000 0.000043
14.153899 0.319971 0.320000 0.000038 0.000000 -0.000009 0.000000 0.000000 0.000045
14.154110 0.319970 0.320000 0.000041 0.000000 -0.000011 0.000000 0.000000 0.000045
14.154325 0.319969 0.320000 0.000041 0.000000 -0.000006 0.000000 0.000000 0.000045
14.154545 0.319968 0.320000 0.000044 0.000000 -0.000010 0.000000 0.000000 0.000047
14.154770 0.319968 0.320000 0.000051 0.000000 -0.000010 0.000000 0.000000 0.000048
14.154998 0.319967 0.320000 0.000057 0.000000 -0.000007 0.000000 0.000000 0.000050
14.155232 0.319966 0.320000 0.000064 0.000000 -0.000017 0.000000 0.000000 0.000051
14.155470 0.319965 0.320000 0.000069 0.000000 -0.000021 0.000000 0.000000 0.000051
14.155712 0.319964 0.320000 0.000073 0.000000 -0.000020 0.000000 0.000000 0.000052
14.155958 0.319963 0.320000 0.000075 0.000000 -0.000021 0.000000 0.000000 0.000051
14.156209 0.319962 0.320000 0.000078 0.000000 -0.000023 0.000000 0.000000 0.000052
14.156463 0.319961 0.320000 0.000080 0.000000 -0.000018 0.000000 0.000000 0.000052
14.156720 0.319960 0.320000 0.000082 0.000000 -0.000019 0.000000 0.000000 0.000051
14.156982 0.319959 0.320000 0.000082 0.000000 -0.000017 0.000000 0.000000 0.000051
14.157247 0.319959 0.320000 0.000080 0.000000 -0.000009 0.000000 0.000000 0.000052
14.157513 0.319958 0.320000 0.000081 0.000000 -0.000015 0.000000 0.000000 0.000050
14.157783 0.319957 0.320000 0.000081 0.000000 -0.000011 0.000000 0.000000 0.000050
14.158055 0.319957 0.320000 0.000080 0.000000 -0.000011 0.000000 0.000000 0.000049
14.158329 0.319956 0.320000 0.000076 0.000000 -0.000014 0.000000 0.000000 0.000048
14.158604 0.319956 0.320000 0.000075 0.000000 -0.000007 0.000000 0.000000 0.000047
14.158880 0.319955 0.320000 0.000076 0.000000 -0.000012 0.000000 0.000000 0.000047
14.159157 0.319955 0.320000 0.000078 0.000000 -0.000017 0.000000 0.000000 0.000047
14.159435 0.319954 0.320000 0.000082 0.000000 -0.000016 0.000000 0.000000 0.000047
14.159714 0.319954 0.320000 0.000085 0.000000 -0.000017 0.000000 0.000000 0.000048
14.159993 0.319954 0.320000 0.000086 0.000000 -0.000023 0.000000 0.000000 0.000045
14.160273 0.319953 0.320000 0.000087 0.000000 -0.000022 0.000000 0.000000 0.000044
14.160553 0.319953 0.320000 0.000087 0.000000 -0.000026 0.000000 0.000000 0.000043
14.160833 0.319953 0.320000 0.000089 0.000000 -0.000026 0.000000 0.000000 0.000039
14.161112 0.319953 0.320000 0.000088 0.000000 -0.000023 0.000000 0.000000 0.000037
14.161393 0.319952 0.320000 0.000089 0.000000 -0.000026 0.000000 0.000000 0.000036
14.161674 0.319952 0.320000 0.000088 0.000000 -0.000029 0.000000 0.000000 0.000034
14.161955 0.319952 0.320000 0.000088 0.000000 -0.000029 0.000000 0.000000 0.000031
14.162236 0.319952 0.320000 0.000083 0.000000 -0.000021 0.000000 0.000000 0.000031
14.162516 0.319952 0.320000 0.000076 0.000000 -0.000017 0.000000 0.000000 0.000032
14.162795 0.319952 0.320000 0.000072 0.000000 -0.000010 0.000000 0.000000 0.000031
14.163074 0.319952 0.320000 0.000074 0.000000 -0.000009 0.000000 0.000000 0.000031
14.163351 0.319952 0.320000 0.000074 0.000000 -0.000002 0.000000 0.000000 0.000032
14.163627 0.319952 0.320000 0.000075 0.000000 0.000002 0.000000 0.000000 0.000031
14.163901 0.319952 0.320000 0.000072 0.000000 0.000007 0.000000 0.000000 0.000029
14.164173 0.319952 0.320000 0.000071 0.000000 0.000000 0.000000 0.000000 0.000024
14.164444 0.319953 0.320000 0.000067 0.000000 -0.000003 0.000000 0.000000 0.000019
14.164714 0.319953 0.320000 0.000065 0.000000 -0.000006 0.000000 0.000000 0.000012
14.164982 0.319953 0.320000 0.000064 0.000000 -0.000003 0.000000 0.000000 0.000005
14.165250 0.319953 0.320000 0.000064 0.000000 -0.000012 0.000000 0.000000 -0.000003
14.165513 0.319954 0.320000 0.000064 0.000000 -0.000012 0.000000 0.000000 -0.000009
14.165772 0.319954 0.320000 0.000064 0.000000 -0.000011 0.000000 0.000000 -0.000013
14.166028 0.319955 0.320000 0.000063 0.000000 -0.000020 0.000000 0.000000 -0.000018
14.166280 0.319955 0.320000 0.000066 0.000000 -0.000020 0.000000 0.000000 -0.000023
14.166527 0.319956 0.320000 0.000066 0.000000 -0.000019 0.000000 0.000000 -0.000025
14.166768 0.319957 0.320000 0.000069 0.000000 -0.000020 0.000000 0.000000 -0.000026
14.167004 0.319958 0.320000 0.000072 0.000000 -0.000017 0.000000 0.000000 -0.000022
14.167235 0.319959 0.320000 0.000073 0.000000 -0.000024 0.000000 0.000000 -0.000018
14.167459 0.319960 0.320000 0.000073 0.000000 -0.000028 0.000000 0.000000 -0.000015
14.167678 0.319961 0.320000 0.000073 0.000000 -0.000029 0.000000 0.000000 -0.000012
14.167889 0.319962 0.320000 0.000074 0.000000 -0.000027 0.000000 0.000000 -0.000009
14.168094 0.319963 0.320000 0.000073 0.000000 -0.000024 0.000000 0.000000 -0.000007
14.168292 0.319964 0.320000 0.000074 0.000000 -0.000030 0.000000 0.000000 -0.000002
14.168483 0.319966 0.320000 0.000074 0.000000 -0.000032 0.000000 0.000000 0.000003
14.168667 0.319967 0.320000 0.000072 0.000000 -0.000030 0.000000 0.000000 0.000007
14.168845 0.319968 0.320000 0.000069 0.000000 -0.000032 0.000000 0.000000 0.000009
14.169016 0.319969 0.320000 0.000063 0.000000 -0.000033 0.000000 0.000000 0.000009
14.169181 0.319971 0.320000 0.000061 0.000000 -0.000031 0.000000 0.000000 0.000012
14.169338 0.319972 0.320000 0.000052 0.000000 -0.000025 0.000000 0.000000 0.000013
14.169488 0.319973 0.320000 0.000048 0.000000 -0.000028 0.000000 0.000000 0.000013
14.169632 0.319975 0.320000 0.000041 0.000000 -0.000031 0.000000 0.000000 0.000013
14.169770 0.319976 0.320000 0.000032 0.000000 -0.000034 0.000000 0.000000 0.000013
14.169901 0.319977 0.320000 0.000025 0.000000 -0.000029 0.000000 0.000000 0.000013
14.170026 0.319979 0.320000 0.000018 0.000000 -0.000033 0.000000 0.000000 0.000012
14.170145 0.319980 0.320000 0.000015 0.000000 -0.000040 0.000000 0.000000 0.000010
14.170258 0.319981 0.320000 0.000009 0.000000 -0.000043 0.000000 0.000000 0.000009
14.170365 0.319983 0.320000 0.000006 0.000000 -0.000042 0.000000 0.000000 0.000009
14.170467 0.319984 0.320000 -0.000001 0.000000 -0.000042 0.000000 0.000000 0.000008
14.170564 0.319985 0.320000 -0.000005 0.000000 -0.000043 0.000000 0.000000 0.000007
14.170656 0.319986 0.320000 -0.000008 0.000000 -0.000041 0.000000 0.000000 0.000006
14.170744 0.319987 0.320000 -0.000012 0.000000 -0.000041 0.000000 0.000000 0.000005
14.170827 0.319988 0.320000 -0.000016 0.000000 -0.000040 0.000000 0.000000 0.000000
14.170906 0.319989 0.320000 -0.000019 0.000000 -0.000040 0.000000 0.000000 0.000001
14.170981 0.319990 0.320000 -0.000023 0.000000 -0.000033 0.000000 0.000000 -0.000002
14.171053 0.319991 0.320000 -0.000023 0.000000 -0.000029 0.000000 0.000000 -0.000003
14.171121 0.319992 0.320000 -0.000027 0.000000 -0.000026 0.000000 0.000000 -0.000005
14.171186 0.319993 0.320000 -0.000030 0.000000 -0.000026 0.000000 0.000000 -0.000007
14.171248 0.319994 0.320000 -0.000030 0.000000 -0.000021 0.000000 0.000000 -0.000008
14.171307 0.319995 0.320000 -0.000036 0.000000 -0.000024 0.000000 0.000000 -0.000006
14.171365 0.319995 0.320000 -0.000033 0.000000 -0.000022 0.000000 0.000000 -0.000007
14.171421 0.319996 0.320000 -0.000031 0.000000 -0.000022 0.000000 0.000000 -0.000006
14.171476 0.319996 0.320000 -0.000035 0.000000 -0.000024 0.000000 0.000000 -0.000007
14.171529 0.319997 0.320000 -0.000039 0.000000 -0.000019 0.000000 0.000000 -0.000007
14.171582 0.319997 0.320000 -0.000037 0.000000 -0.000024 0.000000 0.000000 -0.000007
14.171634 0.319998 0.320000 -0.000030 0.000000 -0.000022 0.000000 0.000000 -0.000006
14.171685 0.319998 0.320000 -0.000030 0.000000 -0.000023 0.000000 0.000000 -0.000006
14.171736 0.319998 0.320000 -0.000032 0.000000 -0.000023 0.000000 0.000000 -0.000003
14.171786 0.319999 0.320000 -0.000028 0.000000 -0.000020 0.000000 0.000000 -0.000002
14.171835 0.319999 0.320000 -0.000022 0.000000 -0.000018 0.000000 0.000000 -0.000001
14.171884 0.319999 0.320000 -0.000018 0.000000 -0.000020 0.000000 0.000000 0.000002
14.171932 0.319999 0.320000 -0.000018 0.000000 -0.000019 0.000000 0.000000 0.000005
14.171981 0.319999 0.320000 -0.000014 0.000000 -0.000015 0.000000 0.000000 0.000005
14.172031 0.319999 0.320000 -0.000014 0.000000 -0.000022 0.000000 0.000000 0.000009
14.172080 0.319999 0.320000 -0.000015 0.000000 -0.000022 0.000000 0.000000 0.000011
14.172130 0.319999 0.320000 -0.000010 0.000000 -0.000020 0.000000 0.000000 0.000014
14.172181 0.319999 0.320000 -0.000009 0.000000 -0.000018 0.000000 0.000000 0.000017
14.172232 0.319999 0.320000 -0.000004 0.000000 -0.000019 0.000000 0.000000 0.000019
14.172284 0.319999 0.320000 -0.000007 0.000000 -0.000015 0.000000 0.000000 0.000021
14.172336 0.319999 0.320000 -0.000004 0.000000 -0.000009 0.000000 0.000000 0.000022
14.172389 0.319999 0.320000 -0.000003 0.000000 -0.000011 0.000000 0.000000 0.000024
14.172444 0.319999 0.320000 -0.000001 0.000000 -0.000015 0.000000 0.000000 0.000027
14.172501 0.319999 0.320000 -0.000003 0.000000 -0.000019 0.000000 0.000000 0.000028
14.172560 0.319999 0.320000 -0.000001 0.000000 -0.000024 0.000000 0.000000 0.000029
14.172620 0.319998 0.320000 0.000008 0.000000 -0.000025 0.000000 0.000000 0.000028
14.172682 0.319998 0.320000 0.000017 0.000000 -0.000027 0.000000 0.000000 0.000028
14.172745 0.319998 0.320000 0.000022 0.000000 -0.000023 0.000000 0.000000 0.000029
14.172808 0.319998 0.320000 0.000023 0.000000 -0.000023 0.000000 0.000000 0.000031
14.172873 0.319997 0.320000 0.000024 0.000000 -0.000025 0.000000 0.000000 0.000033
14.172939 0.319997 0.320000 0.000023 0.000000 -0.000023 0.000000 0.000000 0.000034
14.173006 0.319997 0.320000 0.000029 0.000000 -0.000021 0.000000 0.000000 0.000036
14.173075 0.319997 0.320000 0.000034 0.000000 -0.000028 0.000000 0.000000 0.000038
14.173146 0.319996 0.320000 0.000038 0.000000 -0.000025 0.000000 0.000000 0.000040
14.173217 0.319996 0.320000 0.000041 0.000000 -0.000025 0.000000 0.000000 0.000043
14.173290 0.319996 0.320000 0.000048 0.000000 -0.000025 0.000000 0.000000 0.000045
14.173365 0.319995 0.320000 0.000052 0.000000 -0.000018 0.000000 0.000000 0.000046
14.173442 0.319995 0.320000 0.000052 0.000000 -0.000022 0.000000 0.000000 0.000048
14.173520 0.319995 0.320000 0.000057 0.000000 -0.000027 0.000000 0.000000 0.000049
14.173601 0.319994 0.320000 0.000059 0.000000 -0.000022 0.000000 0.000000 0.000052
14.173684 0.319994 0.320000 0.000060 0.000000 -0.000013 0.000000 0.000000 0.000054
14.173769 0.319994 0.320000 0.000061 0.000000 -0.000017 0.000000 0.000000 0.000055
14.173855 0.319993 0.320000 0.000062 0.000000 -0.000014 0.000000 0.000000 0.000056
14.173944 0.319993 0.320000 0.000059 0.000000 -0.000012 0.000000 0.000000 0.000057
14.174035 0.319992 0.320000 0.000063 0.000000 -0.000019 0.000000 0.000000 0.000058
14.174129 0.319992 0.320000 0.000066 0.000000 -0.000019 0.000000 0.000000 0.000058
14.174225 0.319991 0.320000 0.000066 0.000000 -0.000022 0.000000 0.000000 0.000059
14.174323 0.319991 0.320000 0.000064 0.000000 -0.000016 0.000000 0.000000 0.000059
14.174422 0.319991 0.320000 0.000067 0.000000 -0.000015 0.000000 0.000000 0.000059
14.174523 0.319990 0.320000 0.000066 0.000000 -0.000014 0.000000 0.000000 0.000059
14.174625 0.319990 0.320000 0.000069 0.000000 -0.000013 0.000000 0.000000 0.000059
14.174729 0.319989 0.320000 0.000071 0.000000 -0.000012 0.000000 0.000000 0.000058
14.174835 0.319989 0.320000 0.000073 0.000000 -0.000016 0.000000 0.000000 0.000058
14.174943 0.319989 0.320000 0.000074 0.000000 -0.000017 0.000000 0.000000 0.000057
14.175053 0.319988 0.320000 0.000076 0.000000 -0.000019 0.000000 0.000000 0.000057
14.175164 0.319988 0.320000 0.000076 0.000000 -0.000019 0.000000 0.000000 0.000056
14.175276 0.319988 0.320000 0.000074 0.000000 -0.000020 0.000000 0.000000 0.000055
14.175389 0.319987 0.320000 0.000077 0.000000 -0.000019 0.000000 0.000000 0.000054
14.175505 0.319987 0.320000 0.000078 0.000000 -0.000023 0.000000 0.000000 0.000053
14.175621 0.319987 0.320000 0.000077 0.000000 -0.000019 0.000000 0.000000 0.000052
14.175739 0.319986 0.320000 0.000077 0.000000 -0.000020 0.000000 0.000000 0.000052
14.175858 0.319986 0.320000 0.000080 0.000000 -0.000025 0.000000 0.000000 0.000050
14.175977 0.319986 0.320000 0.000079 0.000000 -0.000023 0.000000 0.000000 0.000049
14.176099 0.319985 0.320000 0.000082 0.000000 -0.000026 0.000000 0.000000 0.000048
14.176221 0.319985 0.320000 0.000080 0.000000 -0.000025 0.000000 0.000000 0.000047
14.176344 0.319985 0.320000 0.000074 0.000000 -0.000020 0.000000 0.000000 0.000046
14.176468 0.319985 0.320000 0.000074 0.000000 -0.000028 0.000000 0.000000 0.000045
14.176592 0.319985 0.320000 0.000077 0.000000 -0.000021 0.000000 0.000000 0.000043
14.176717 0.319984 0.320000 0.000076 0.000000 -0.000022 0.000000 0.000000 0.000041
14.176841 0.319984 0.320000 0.000075 0.000000 -0.000018 0.000000 0.000000 0.000040
14.176965 0.319984 0.320000 0.000077 0.000000 -0.000017 0.000000 0.000000 0.000040
14.177089 0.319984 0.320000 0.000074 0.000000 -0.000023 0.000000 0.000000 0.000039
14.177213 0.319984 0.320000 0.000075 0.000000 -0.000023 0.000000 0.000000 0.000038
14.177337 0.319984 0.320000 0.000073 0.000000 -0.000023 0.000000 0.000000 0.000039
14.177461 0.319984 0.320000 0.000066 0.000000 -0.000024 0.000000 0.000000 0.000038
14.177586 0.319984 0.320000 0.000063 0.000000 -0.000024 0.000000 0.000000 0.000036
14.177710 0.319984 0.320000 0.000061 0.000000 -0.000024 0.000000 0.000000 0.000032
14.177833 0.319984 0.320000 0.000058 0.000000 -0.000026 0.000000 0.000000 0.000029
14.177956 0.319984 0.320000 0.000061 0.000000 -0.000022 0.000000 0.000000 0.000025
14.178079 0.319984 0.320000 0.000059 0.000000 -0.000021 0.000000 0.000000 0.000021
14.178201 0.319984 0.320000 0.000063 0.000000 -0.000025 0.000000 0.000000 0.000020
14.178324 0.319984 0.320000 0.000062 0.000000 -0.000028 0.000000 0.000000 0.000018
14.178447 0.319984 0.320000 0.000056 0.000000 -0.000032 0.000000 0.000000 0.000014
14.178569 0.319984 0.320000 0.000052 0.000000 -0.000035 0.000000 0.000000 0.000013
14.178691 0.319984 0.320000 0.000048 0.000000 -0.000034 0.000000 0.000000 0.000011
14.178812 0.319984 0.320000 0.000046 0.000000 -0.000038 0.000000 0.000000 0.000008
14.178934 0.319984 0.320000 0.000052 0.000000 -0.000038 0.000000 0.000000 0.000006
14.179056 0.319984 0.320000 0.000053 0.000000 -0.000038 0.000000 0.000000 0.000005
14.179178 0.319984 0.320000 0.000050 0.000000 -0.000041 0.000000 0.000000 0.000002
14.179300 0.319984 0.320000 0.000047 0.000000 -0.000045 0.000000 0.000000 -0.000001
14.179422 0.319984 0.320000 0.000050 0.000000 -0.000044 0.000000 0.000000 -0.000003
14.179542 0.319984 0.320000 0.000051 0.000000 -0.000030 0.000000 0.000000 -0.000003
14.179662 0.319984 0.320000 0.000049 0.000000 -0.000028 0.000000 0.000000 -0.000004
14.179780 0.319985 0.320000 0.000045 0.000000 -0.000023 0.000000 0.000000 -0.000004
14.179898 0.319985 0.320000 0.000045 0.000000 -0.000027 0.000000 0.000000 -0.000003
14.180014 0.319985 0.320000 0.000041 0.000000 -0.000025 0.000000 0.000000 -0.000004
14.180130 0.319985 0.320000 0.000039 0.000000 -0.000030 0.000000 0.000000 -0.000006
14.180244 0.319985 0.320000 0.000037 0.000000 -0.000026 0.000000 0.000000 -0.000005
14.180355 0.319986 0.320000 0.000039 0.000000 -0.000028 0.000000 0.000000 -0.000006
14.180465 0.319986 0.320000 0.000039 0.000000 -0.000026 0.000000 0.000000 -0.000007
14.180573 0.319986 0.320000 0.000046 0.000000 -0.000024 0.000000 0.000000 -0.000007
14.180680 0.319986 0.320000 0.000045 0.000000 -0.000028 0.000000 0.000000 -0.000006
14.180785 0.319987 0.320000 0.000045 0.000000 -0.000027 0.000000 0.000000 -0.000007
14.180888 0.319987 0.320000 0.000041 0.000000 -0.000029 0.000000 0.000000 -0.000007
14.180990 0.319987 0.320000 0.000040 0.000000 -0.000031 0.000000 0.000000 -0.000008
14.181090 0.319988 0.320000 0.000040 0.000000 -0.000034 0.000000 0.000000 -0.000008
14.181188 0.319988 0.320000 0.000038 0.000000 -0.000034 0.000000 0.000000 -0.000006
14.181284 0.319988 0.320000 0.000035 0.000000 -0.000026 0.000000 0.000000 -0.000008
14.181378 0.319989 0.320000 0.000040 0.000000 -0.000025 0.000000 0.000000 -0.000007
14.181472 0.319989 0.320000 0.000040 0.000000 -0.000027 0.000000 0.000000 -0.000007
14.181563 0.319989 0.320000 0.000043 0.000000 -0.000025 0.000000 0.000000 -0.000008
14.181653 0.319990 0.320000 0.000047 0.000000 -0.000022 0.000000 0.000000 -0.000007
14.181742 0.319990 0.320000 0.000047 0.000000 -0.000020 0.000000 0.000000 -0.000008
14.181829 0.319990 0.320000 0.000048 0.000000 -0.000016 0.000000 0.000000 -0.000009
14.181913 0.319991 0.320000 0.000047 0.000000 -0.000015 0.000000 0.000000 -0.000009
14.181997 0.319991 0.320000 0.000047 0.000000 -0.000018 0.000000 0.000000 -0.000009
14.182079 0.319991 0.320000 0.000046 0.000000 -0.000011 0.000000 0.000000 -0.000010
14.182160 0.319992 0.320000 0.000046 0.000000 -0.000012 0.000000 0.000000 -0.000009
14.182240 0.319992 0.320000 0.000045 0.000000 -0.000016 0.000000 0.000000 -0.000010
14.182320 0.319992 0.320000 0.000045 0.000000 -0.000021 0.000000 0.000000 -0.000010
14.182399 0.319992 0.320000 0.000048 0.000000 -0.000024 0.000000 0.000000 -0.000011
14.182477 0.319992 0.320000 0.000047 0.000000 -0.000022 0.000000 0.000000 -0.000010
14.182553 0.319993 0.320000 0.000053 0.000000 -0.000020 0.000000 0.000000 -0.000012
14.182629 0.319993 0.320000 0.000055 0.000000 -0.000016 0.000000 0.000000 -0.000010
14.182703 0.319993 0.320000 0.000055 0.000000 -0.000012 0.000000 0.000000 -0.000013
14.182777 0.319993 0.320000 0.000056 0.000000 -0.000013 0.000000 0.000000 -0.000012
14.182850 0.319994 0.320000 0.000059 0.000000 -0.000013 0.000000 0.000000 -0.000013
14.182921 0.319994 0.320000 0.000056 0.000000 -0.000016 0.000000 0.000000 -0.000015
14.182993 0.319994 0.320000 0.000062 0.000000 -0.000013 0.000000 0.000000 -0.000015
14.183064 0.319994 0.320000 0.000063 0.000000 -0.000011 0.000000 0.000000 -0.000017
14.183133 0.319994 0.320000 0.000060 0.000000 -0.000020 0.000000 0.000000 -0.000017
14.183204 0.319994 0.320000 0.000057 0.000000 -0.000020 0.000000 0.000000 -0.000015
14.183274 0.319994 0.320000 0.000057 0.000000 -0.000026 0.000000 0.000000 -0.000015
14.183344 0.319994 0.320000 0.000057 0.000000 -0.000031 0.000000 0.000000 -0.000014
14.183413 0.319995 0.320000 0.000057 0.000000 -0.000030 0.000000 0.000000 -0.000013
14.183482 0.319995 0.320000 0.000058 0.000000 -0.000032 0.000000 0.000000 -0.000011
14.183552 0.319995 0.320000 0.000059 0.000000 -0.000033 0.000000 0.000000 -0.000011
14.183621 0.319995 0.320000 0.000057 0.000000 -0.000031 0.000000 0.000000 -0.000012
14.183689 0.319995 0.320000 0.000056 0.000000 -0.000031 0.000000 0.000000 -0.000011
14.183756 0.319995 0.320000 0.000058 0.000000 -0.000028 0.000000 0.000000 -0.000012
14.183823 0.319995 0.320000 0.000060 0.000000 -0.000030 0.000000 0.000000 -0.000011
14.183891 0.319995 0.320000 0.000060 0.000000 -0.000034 0.000000 0.000000 -0.000010
14.183958 0.319995 0.320000 0.000063 0.000000 -0.000033 0.000000 0.000000 -0.000009
14.184025 0.319995 0.320000 0.000068 0.000000 -0.000035 0.000000 0.000000 -0.000008
14.184092 0.319995 0.320000 0.000067 0.000000 -0.000037 0.000000 0.000000 -0.000009
14.184159 0.319995 0.320000 0.000065 0.000000 -0.000036 0.000000 0.000000 -0.000009
14.184227 0.319995 0.320000 0.000060 0.000000 -0.000037 0.000000 0.000000 -0.000009
14.184295 0.319995 0.320000 0.000062 0.000000 -0.000031 0.000000 0.000000 -0.000009
14.184364 0.319995 0.320000 0.000064 0.000000 -0.000034 0.000000 0.000000 -0.000009
14.184433 0.319995 0.320000 0.000063 0.000000 -0.000029 0.000000 0.000000 -0.000008
14.184502 0.319995 0.320000 0.000061 0.000000 -0.000031 0.000000 0.000000 -0.000008
14.184571 0.319995 0.320000 0.000063 0.000000 -0.000027 0.000000 0.000000 -0.000008
14.184640 0.319995 0.320000 0.000063 0.000000 -0.000025 0.000000 0.000000 -0.000008
14.184710 0.319995 0.320000 0.000063 0.000000 -0.000026 0.000000 0.000000 -0.000008
14.184781 0.319995 0.320000 0.000063 0.000000 -0.000024 0.000000 0.000000 -0.000008
14.184851 0.319995 0.320000 0.000063 0.000000 -0.000023 0.000000 0.000000 -0.000007
14.184922 0.319995 0.320000 0.000060 0.000000 -0.000021 0.000000 0.000000 -0.000007
14.184993 0.319995 0.320000 0.000059 0.000000 -0.000018 0.000000 0.000000 -0.000005
14.185066 0.319995 0.320000 0.000057 0.000000 -0.000016 0.000000 0.000000 -0.000005
14.185138 0.319995 0.320000 0.000058 0.000000 -0.000019 0.000000 0.000000 -0.000004
14.185211 0.319995 0.320000 0.000060 0.000000 -0.000022 0.000000 0.000000 -0.000004
14.185284 0.319995 0.320000 0.000061 0.000000 -0.000024 0.000000 0.000000 -0.000004
14.185358 0.319995 0.320000 0.000060 0.000000 -0.000026 0.000000 0.000000 -0.000004
14.185432 0.319994 0.320000 0.000058 0.000000 -0.000013 0.000000 0.000000 -0.000004
14.185506 0.319994 0.320000 0.000057 0.000000 -0.000009 0.000000 0.000000 -0.000004
14.185580 0.319994 0.320000 0.000055 0.000000 -0.000009 0.000000 0.000000 -0.000005
14.185656 0.319994 0.320000 0.000056 0.000000 -0.000005 0.000000 0.000000 -0.000005
14.185732 0.319994 0.320000 0.000058 0.000000 -0.000009 0.000000 0.000000 -0.000006
14.185808 0.319994 0.320000 0.000053 0.000000 -0.000004 0.000000 0.000000 -0.000005
14.185884 0.319994 0.320000 0.000051 0.000000 -0.000009 0.000000 0.000000 -0.000006
14.185961 0.319994 0.320000 0.000051 0.000000 -0.000009 0.000000 0.000000 -0.000005
14.186038 0.319994 0.320000 0.000051 0.000000 -0.000013 0.000000 0.000000 -0.000005
14.186116 0.319994 0.320000 0.000050 0.000000 -0.000022 0.000000 0.000000 -0.000004
14.186194 0.319993 0.320000 0.000050 0.000000 -0.000027 0.000000 0.000000 -0.000004
14.186273 0.319993 0.320000 0.000048 0.000000 -0.000027 0.000000 0.000000 -0.000003
14.186353 0.319993 0.320000 0.000046 0.000000 -0.000025 0.000000 0.000000 -0.000003
14.186433 0.319993 0.320000 0.000044 0.000000 -0.000028 0.000000 0.000000 -0.000002
14.186514 0.319993 0.320000 0.000044 0.000000 -0.000029 0.000000 0.000000 -0.000002
14.186597 0.319993 0.320000 0.000044 0.000000 -0.000030 0.000000 0.000000 -0.000002
14.186680 0.319993 0.320000 0.000044 0.000000 -0.000028 0.000000 0.000000 -0.000002
14.186764 0.319993 0.320000 0.000043 0.000000 -0.000029 0.000000 0.000000 -0.000001
14.186849 0.319992 0.320000 0.000045 0.000000 -0.000032 0.000000 0.000000 -0.000001
14.186935 0.319992 0.320000 0.000047 0.000000 -0.000029 0.000000 0.000000 -0.000002
14.187022 0.319992 0.320000 0.000046 0.000000 -0.000022 0.000000 0.000000 -0.000002
14.187110 0.319992 0.320000 0.000045 0.000000 -0.000021 0.000000 0.000000 -0.000002
14.187199 0.319992 0.320000 0.000044 0.000000 -0.000025 0.000000 0.000000 -0.000000
14.187289 0.319991 0.320000 0.000040 0.000000 -0.000024 0.000000 0.000000 -0.000000
14.187379 0.319991 0.320000 0.000040 0.000000 -0.000027 0.000000 0.000000 0.000000
14.187470 0.319991 0.320000 0.000041 0.000000 -0.000026 0.000000 0.000000 -0.000000
14.187562 0.319991 0.320000 0.000040 0.000000 -0.000022 0.000000 0.000000 -0.000002
14.187654 0.319991 0.320000 0.000041 0.000000 -0.000026 0.000000 0.000000 -0.000001
14.187748 0.319991 0.320000 0.000045 0.000000 -0.000029 0.000000 0.000000 -0.000002
14.187843 0.319990 0.320000 0.000044 0.000000 -0.000030 0.000000 0.000000 -0.000002
14.187938 0.319990 0.320000 0.000041 0.000000 -0.000027 0.000000 0.000000 -0.000003
14.188033 0.319990 0.320000 0.000041 0.000000 -0.000024 0.000000 0.000000 -0.000002
14.188128 0.319990 0.320000 0.000042 0.000000 -0.000023 0.000000 0.000000 -0.000001
14.188223 0.319990 0.320000 0.000044 0.000000 -0.000014 0.000000 0.000000 -0.000001
14.188319 0.319990 0.320000 0.000045 0.000000 -0.000013 0.000000 0.000000 -0.000002
14.188415 0.319990 0.320000 0.000046 0.000000 -0.000025 0.000000 0.000000 -0.000003
14.188512 0.319990 0.320000 0.000044 0.000000 -0.000027 0.000000 0.000000 -0.000006
14.188608 0.319990 0.320000 0.000044 0.000000 -0.000025 0.000000 0.000000 -0.000007
14.188705 0.319990 0.320000 0.000045 0.000000 -0.000023 0.000000 0.000000 -0.000007
14.188802 0.319989 0.320000 0.000044 0.000000 -0.000022 0.000000 0.000000 -0.000007
14.188900 0.319989 0.320000 0.000044 0.000000 -0.000018 0.000000 0.000000 -0.000007
14.188998 0.319989 0.320000 0.000049 0.000000 -0.000024 0.000000 0.000000 -0.000006
14.189096 0.319989 0.320000 0.000049 0.000000 -0.000024 0.000000 0.000000 -0.000005
14.189195 0.319989 0.320000 0.000049 0.000000 -0.000027 0.000000 0.000000 -0.000004
14.189293 0.319989 0.320000 0.000049 0.000000 -0.000024 0.000000 0.000000 -0.000004
14.189392 0.319989 0.320000 0.000050 0.000000 -0.000020 0.000000 0.000000 -0.000004
14.189490 0.319989 0.320000 0.000050 0.000000 -0.000018 0.000000 0.000000 -0.000004
14.189589 0.319989 0.320000 0.000047 0.000000 -0.000016 0.000000 0.000000 -0.000004
14.189688 0.319989 0.320000 0.000050 0.000000 -0.000020 0.000000 0.000000 -0.000004
14.189787 0.319989 0.320000 0.000050 0.000000 -0.000015 0.000000 0.000000 -0.000004
14.189887 0.319989 0.320000 0.000050 0.000000 -0.000019 0.000000 0.000000 -0.000005
14.189986 0.319989 0.320000 0.000052 0.000000 -0.000019 0.000000 0.000000 -0.000005
14.190085 0.319989 0.320000 0.000052 0.000000 -0.000019 0.000000 0.000000 -0.000004
14.190183 0.319989 0.320000 0.000055 0.000000 -0.000021 0.000000 0.000000 -0.000003
14.190281 0.319989 0.320000 0.000056 0.000000 -0.000021 0.000000 0.000000 -0.000003
14.190378 0.319989 0.320000 0.000056 0.000000 -0.000016 0.000000 0.000000 -0.000003
14.190475 0.319989 0.320000 0.000059 0.000000 -0.000020 0.000000 0.000000 -0.000003
14.190571 0.319989 0.320000 0.000061 0.000000 -0.000023 0.000000 0.000000 -0.000003
14.190667 0.319989 0.320000 0.000061 0.000000 -0.000023 0.000000 0.000000 -0.000004
14.190763 0.319989 0.320000 0.000062 0.000000 -0.000024 0.000000 0.000000 -0.000004
14.190859 0.319989 0.320000 0.000062 0.000000 -0.000024 0.000000 0.000000 -0.000004
14.190955 0.319989 0.320000 0.000062 0.000000 -0.000023 0.000000 0.000000 -0.000005
14.191051 0.319989 0.320000 0.000064 0.000000 -0.000026 0.000000 0.000000 -0.000006
14.191147 0.319989 0.320000 0.000063 0.000000 -0.000028 0.000000 0.000000 -0.000006
14.191243 0.319989 0.320000 0.000063 0.000000 -0.000031 0.000000 0.000000 -0.000006
14.191337 0.319989 0.320000 0.000063 0.000000 -0.000028 0.000000 0.000000 -0.000007
14.191432 0.319989 0.320000 0.000062 0.000000 -0.000026 0.000000 0.000000 -0.000007
14.191527 0.319989 0.320000 0.000063 0.000000 -0.000029 0.000000 0.000000 -0.000006
14.191621 0.319989 0.320000 0.000064 0.000000 -0.000029 0.000000 0.000000 -0.000006
14.191715 0.319989 0.320000 0.000065 0.000000 -0.000024 0.000000 0.000000 -0.000006
14.191808 0.319990 0.320000 0.000066 0.000000 -0.000026 0.000000 0.000000 -0.000006
14.191901 0.319990 0.320000 0.000067 0.000000 -0.000027 0.000000 0.000000 -0.000007
14.191994 0.319990 0.320000 0.000068 0.000000 -0.000029 0.000000 0.000000 -0.000008
14.192085 0.319990 0.320000 0.000063 0.000000 -0.000027 0.000000 0.000000 -0.000007
14.192178 0.319990 0.320000 0.000068 0.000000 -0.000027 0.000000 0.000000 -0.000007
14.192269 0.319990 0.320000 0.000066 0.000000 -0.000023 0.000000 0.000000 -0.000007
14.192360 0.319990 0.320000 0.000068 0.000000 -0.000027 0.000000 0.000000 -0.000008
14.192452 0.319990 0.320000 0.000071 0.000000 -0.000032 0.000000 0.000000 -0.000007
14.192543 0.319990 0.320000 0.000068 0.000000 -0.000028 0.000000 0.000000 -0.000007
14.192634 0.319990 0.320000 0.000066 0.000000 -0.000026 0.000000 0.000000 -0.000007
14.192723 0.319990 0.320000 0.000068 0.000000 -0.000029 0.000000 0.000000 -0.000007
14.192812 0.319990 0.320000 0.000068 0.000000 -0.000025 0.000000 0.000000 -0.000007
14.192900 0.319990 0.320000 0.000067 0.000000 -0.000030 0.000000 0.000000 -0.000006
14.192988 0.319990 0.320000 0.000063 0.000000 -0.000027 0.000000 0.000000 -0.000006
14.193076 0.319990 0.320000 0.000062 0.000000 -0.000032 0.000000 0.000000 -0.000006
14.193165 0.319991 0.320000 0.000063 0.000000 -0.000036 0.000000 0.000000 -0.000005
14.193252 0.319991 0.320000 0.000064 0.000000 -0.000024 0.000000 0.000000 -0.000006
14.193339 0.319991 0.320000 0.000063 0.000000 -0.000021 0.000000 0.000000 -0.000007
14.193425 0.319991 0.320000 0.000061 0.000000 -0.000020 0.000000 0.000000 -0.000006
14.193511 0.319991 0.320000 0.000064 0.000000 -0.000026 0.000000 0.000000 -0.000006
14.193597 0.319991 0.320000 0.000064 0.000000 -0.000022 0.000000 0.000000 -0.000007
14.193682 0.319991 0.320000 0.000062 0.000000 -0.000023 0.000000 0.000000 -0.000006
14.193768 0.319991 0.320000 0.000064 0.000000 -0.000022 0.000000 0.000000 -0.000007
14.193854 0.319991 0.320000 0.000065 0.000000 -0.000019 0.000000 0.000000 -0.000006
14.193940 0.319991 0.320000 0.000065 0.000000 -0.000012 0.000000 0.000000 -0.000007
14.194025 0.319991 0.320000 0.000065 0.000000 -0.000013 0.000000 0.000000 -0.000007
14.194110 0.319991 0.320000 0.000068 0.000000 -0.000016 0.000000 0.000000 -0.000008
14.194195 0.319991 0.320000 0.000068 0.000000 -0.000020 0.000000 0.000000 -0.000007
14.194281 0.319991 0.320000 0.000067 0.000000 -0.000023 0.000000 0.000000 -0.000008
14.194366 0.319991 0.320000 0.000068 0.000000 -0.000019 0.000000 0.000000 -0.000008
14.194451 0.319991 0.320000 0.000066 0.000000 -0.000015 0.000000 0.000000 -0.000008
14.194536 0.319991 0.320000 0.000065 0.000000 -0.000021 0.000000 0.000000 -0.000008
14.194621 0.319991 0.320000 0.000064 0.000000 -0.000020 0.000000 0.000000 -0.000008
14.194707 0.319991 0.320000 0.000065 0.000000 -0.000020 0.000000 0.000000 -0.000007
14.194792 0.319991 0.320000 0.000066 0.000000 -0.000023 0.000000 0.000000 -0.000008
14.194877 0.319991 0.320000 0.000066 0.000000 -0.000024 0.000000 0.000000 -0.000008
14.194962 0.319991 0.320000 0.000065 0.000000 -0.000024 0.000000 0.000000 -0.000009
14.195046 0.319991 0.320000 0.000066 0.000000 -0.000017 0.000000 0.000000 -0.000009
14.195131 0.319991 0.320000 0.000067 0.000000 -0.000017 0.000000 0.000000 -0.000007
14.195216 0.319991 0.320000 0.000069 0.000000 -0.000021 0.000000 0.000000 -0.000007
14.195302 0.319991 0.320000 0.000066 0.000000 -0.000025 0.000000 0.000000 -0.000007
14.195388 0.319991 0.320000 0.000066 0.000000 -0.000019 0.000000 0.000000 -0.000007
14.195473 0.319991 0.320000 0.000064 0.000000 -0.000013 0.000000 0.000000 -0.000008
14.195559 0.319991 0.320000 0.000063 0.000000 -0.000011 0.000000 0.000000 -0.000008
14.195644 0.319991 0.320000 0.000063 0.000000 -0.000015 0.000000 0.000000 -0.000008
14.195730 0.319991 0.320000 0.000065 0.000000 -0.000021 0.000000 0.000000 -0.000007
14.195815 0.319991 0.320000 0.000066 0.000000 -0.000022 0.000000 0.000000 -0.000007
14.195901 0.319991 0.320000 0.000065 0.000000 -0.000023 0.000000 0.000000 -0.000008
14.195987 0.319991 0.320000 0.000064 0.000000 -0.000019 0.000000 0.000000 -0.000009
14.196072 0.319991 0.320000 0.000067 0.000000 -0.000021 0.000000 0.000000 -0.000007
14.196157 0.319991 0.320000 0.000067 0.000000 -0.000017 0.000000 0.000000 -0.000008
14.196242 0.319991 0.320000 0.000064 0.000000 -0.000019 0.000000 0.000000 -0.000008
14.196327 0.319991 0.320000 0.000062 0.000000 -0.000026 0.000000 0.000000 -0.000009
14.196413 0.319991 0.320000 0.000065 0.000000 -0.000030 0.000000 0.000000 -0.000006
14.196499 0.319991 0.320000 0.000066 0.000000 -0.000032 0.000000 0.000000 -0.000005
14.196585 0.319991 0.320000 0.000067 0.000000 -0.000031 0.000000 0.000000 -0.000005
14.196670 0.319991 0.320000 0.000065 0.000000 -0.000030 0.000000 0.000000 -0.000005
14.196757 0.319991 0.320000 0.000065 0.000000 -0.000036 0.000000 0.000000 -0.000006
14.196844 0.319991 0.320000 0.000065 0.000000 -0.000036 0.000000 0.000000 -0.000005
14.196931 0.319991 0.320000 0.000063 0.000000 -0.000034 0.000000 0.000000 -0.000007
14.197018 0.319991 0.320000 0.000065 0.000000 -0.000032 0.000000 0.000000 -0.000008
14.197106 0.319991 0.320000 0.000063 0.000000 -0.000030 0.000000 0.000000 -0.000007
14.197193 0.319991 0.320000 0.000061 0.000000 -0.000031 0.000000 0.000000 -0.000009
14.197281 0.319991 0.320000 0.000061 0.000000 -0.000033 0.000000 0.000000 -0.000006
14.197368 0.319991 0.320000 0.000062 0.000000 -0.000031 0.000000 0.000000 -0.000006
14.197456 0.319991 0.320000 0.000061 0.000000 -0.000030 0.000000 0.000000 -0.000007
14.197543 0.319991 0.320000 0.000064 0.000000 -0.000028 0.000000 0.000000 -0.000005
14.197630 0.319991 0.320000 0.000061 0.000000 -0.000028 0.000000 0.000000 -0.000006
14.197718 0.319991 0.320000 0.000061 0.000000 -0.000029 0.000000 0.000000 -0.000005
14.197806 0.319991 0.320000 0.000061 0.000000 -0.000029 0.000000 0.000000 -0.000008
14.197893 0.319991 0.320000 0.000058 0.000000 -0.000026 0.000000 0.000000 -0.000007
14.197980 0.319991 0.320000 0.000055 0.000000 -0.000024 0.000000 0.000000 -0.000006
14.198067 0.319991 0.320000 0.000057 0.000000 -0.000025 0.000000 0.000000 -0.000007
14.198154 0.319991 0.320000 0.000054 0.000000 -0.000019 0.000000 0.000000 -0.000006
14.198241 0.319991 0.320000 0.000055 0.000000 -0.000024 0.000000 0.000000 -0.000005
14.198329 0.319991 0.320000 0.000056 0.000000 -0.000021 0.000000 0.000000 -0.000006
14.198417 0.319991 0.320000 0.000056 0.000000 -0.000022 0.000000 0.000000 -0.000007
14.198505 0.319991 0.320000 0.000060 0.000000 -0.000027 0.000000 0.000000 -0.000004
14.198593 0.319991 0.320000 0.000060 0.000000 -0.000023 0.000000 0.000000 -0.000006
14.198681 0.319991 0.320000 0.000059 0.000000 -0.000023 0.000000 0.000000 -0.000006
14.198768 0.319991 0.320000 0.000062 0.000000 -0.000020 0.000000 0.000000 -0.000005
14.198855 0.319991 0.320000 0.000064 0.000000 -0.000021 0.000000 0.000000 -0.000005
14.198942 0.319991 0.320000 0.000063 0.000000 -0.000013 0.000000 0.000000 -0.000007
14.199029 0.319991 0.320000 0.000060 0.000000 -0.000012 0.000000 0.000000 -0.000006
14.199115 0.319991 0.320000 0.000061 0.000000 -0.000007 0.000000 0.000000 -0.000006
14.199200 0.319991 0.320000 0.000062 0.000000 -0.000010 0.000000 0.000000 -0.000007
14.199286 0.319991 0.320000 0.000056 0.000000 -0.000005 0.000000 0.000000 -0.000005
14.199372 0.319991 0.320000 0.000055 0.000000 -0.000009 0.000000 0.000000 -0.000004
14.199458 0.319991 0.320000 0.000061 0.000000 -0.000013 0.000000 0.000000 -0.000005
14.199545 0.319991 0.320000 0.000063 0.000000 -0.000017 0.000000 0.000000 -0.000004
14.199631 0.319991 0.320000 0.000064 0.000000 -0.000021 0.000000 0.000000 -0.000003
14.199717 0.319991 0.320000 0.000067 0.000000 -0.000022 0.000000 0.000000 -0.000002
14.199804 0.319991 0.320000 0.000065 0.000000 -0.000017 0.000000 0.000000 -0.000004
14.199890 0.319991 0.320000 0.000063 0.000000 -0.000014 0.000000 0.000000 -0.000002
14.199975 0.319991 0.320000 0.000063 0.000000 -0.000016 0.000000 0.000000 -0.000004
14.200061 0.319991 0.320000 0.000063 0.000000 -0.000014 0.000000 0.000000 -0.000003
14.200146 0.319991 0.320000 0.000064 0.000000 -0.000012 0.000000 0.000000 -0.000004
14.200231 0.319991 0.320000 0.000061 0.000000 -0.000019 0.000000 0.000000 -0.000005
14.200315 0.319991 0.320000 0.000058 0.000000 -0.000012 0.000000 0.000000 -0.000006
14.200400 0.319991 0.320000 0.000059 0.000000 -0.000022 0.000000 0.000000 -0.000007
14.200484 0.319991 0.320000 0.000060 0.000000 -0.000024 0.000000 0.000000 -0.000009
14.200569 0.319991 0.320000 0.000063 0.000000 -0.000027 0.000000 0.000000 -0.000007
14.200652 0.319991 0.320000 0.000064 0.000000 -0.000026 0.000000 0.000000 -0.000007
14.200735 0.319991 0.320000 0.000063 0.000000 -0.000020 0.000000 0.000000 -0.000008
14.200818 0.319991 0.320000 0.000064 0.000000 -0.000017 0.000000 0.000000 -0.000009
14.200901 0.319991 0.320000 0.000063 0.000000 -0.000019 0.000000 0.000000 -0.000011
14.200983 0.319991 0.320000 0.000066 0.000000 -0.000023 0.000000 0.000000 -0.000012
14.201067 0.319991 0.320000 0.000065 0.000000 -0.000022 0.000000 0.000000 -0.000011
14.201150 0.319991 0.320000 0.000067 0.000000 -0.000018 0.000000 0.000000 -0.000011
14.201234 0.319991 0.320000 0.000062 0.000000 -0.000025 0.000000 0.000000 -0.000012
14.201318 0.319991 0.320000 0.000062 0.000000 -0.000027 0.000000 0.000000 -0.000012
14.201402 0.319991 0.320000 0.000063 0.000000 -0.000023 0.000000 0.000000 -0.000011
14.201486 0.319991 0.320000 0.000064 0.000000 -0.000024 0.000000 0.000000 -0.000011
14.201569 0.319991 0.320000 0.000064 0.000000 -0.000029 0.000000 0.000000 -0.000010
14.201653 0.319991 0.320000 0.000062 0.000000 -0.000021 0.000000 0.000000 -0.000010
