0.256227 0.320000 -0.648748 -0.448748 0.063773 0.200000
0.256227 0.320000 -0.648748 -0.448748 0.063773 0.200000
0.256227 0.320000 -0.648748 -0.448748 0.063773 0.200000
0.256227 0.320000 -0.648748 -0.448748 0.063773 0.200000
0.256227 0.320000 -0.648748 -0.448748 0.063773 0.200000
0.256227 0.320000 -0.648748 -0.448748 0.063773 0.200000
0.256227 0.320000 -0.648748 -0.448748 0.063773 0.200000
0.256227 0.320000 -0.648748 -0.448748 0.063773 0.200000
0.256227 0.320000 -0.648748 -0.448748 0.063773 0.200000
0.256227 0.320000 -0.648748 -0.448748 0.063773 0.200000
0.256227 0.320000 -0.648748 -0.448748 0.063773 0.200000
0.256666 0.320000 -0.682925 -0.482925 0.063334 0.200000
0.258455 0.320000 -0.699476 -0.499476 0.061545 0.200000
0.261133 0.320000 -0.692023 -0.492023 0.058867 0.200000
0.264291 0.320000 -0.670924 -0.470924 0.055709 0.200000
0.267675 0.320000 -0.643373 -0.443373 0.052325 0.200000
0.263116 0.320000 -0.626854 -0.426854 0.056884 0.200000
0.259727 0.320000 -0.622418 -0.422418 0.060273 0.200000
0.256469 0.320000 -0.617469 -0.417469 0.063531 0.200000
0.253522 0.320000 -0.612392 -0.412392 0.066478 0.200000
0.254910 0.320000 -0.608609 -0.408609 0.065090 0.200000
0.264210 0.320000 -0.575995 -0.375995 0.055790 0.200000
0.271100 0.320000 -0.540750 -0.340750 0.048900 0.200000
0.276605 0.320000 -0.510355 -0.310355 0.043395 0.200000
0.281154 0.320000 -0.484561 -0.284561 0.038846 0.200000
0.284995 0.320000 -0.462615 -0.262615 0.035005 0.200000
0.288287 0.320000 -0.443863 -0.243863 0.031713 0.200000
0.291142 0.320000 -0.427779 -0.227779 0.028858 0.200000
0.293638 0.320000 -0.413940 -0.213940 0.026362 0.200000
0.295835 0.320000 -0.402003 -0.202003 0.024165 0.200000
0.297780 0.320000 -0.391684 -0.191684 0.022220 0.200000
0.299507 0.320000 -0.382751 -0.182751 0.020493 0.200000
0.301046 0.320000 -0.375007 -0.175007 0.018954 0.200000
0.302420 0.320000 -0.368287 -0.168287 0.017580 0.200000
0.303648 0.320000 -0.362450 -0.162450 0.016352 0.200000
0.304006 0.320000 -0.358428 -0.158428 0.015994 0.200000
0.303592 0.320000 -0.355144 -0.155144 0.016408 0.200000
0.303125 0.320000 -0.351274 -0.151274 0.016875 0.200000
0.302617 0.320000 -0.346801 -0.146801 0.017383 0.200000
0.302059 0.320000 -0.341740 -0.141740 0.017941 0.200000
0.301098 0.320000 -0.336038 -0.136038 0.018902 0.200000
0.299631 0.320000 -0.328027 -0.128027 0.020369 0.200000
0.297417 0.320000 -0.316029 -0.116029 0.022583 0.200000
0.293745 0.320000 -0.295948 -0.095948 0.026255 0.200000
0.284942 0.320000 -0.243174 -0.043174 0.035058 0.200000
0.256618 0.320000 -0.019351 0.000000 0.063382 0.019351
0.248020 0.320000 0.066088 0.000000 0.071980 -0.066088
0.242670 0.320000 0.119413 0.000000 0.077330 -0.119413
0.238254 0.320000 0.158709 0.000000 0.081746 -0.158709
0.234280 0.320000 0.189574 0.000000 0.085720 -0.189574
0.230612 0.320000 0.214735 0.014735 0.089388 -0.200000
0.227207 0.320000 0.235806 0.035806 0.092793 -0.200000
0.224052 0.320000 0.253826 0.053826 0.095948 -0.200000
0.221134 0.320000 0.269492 0.069492 0.098866 -0.200000
0.218447 0.320000 0.283282 0.083282 0.101553 -0.200000
0.215980 0.320000 0.295538 0.095538 0.104020 -0.200000
0.213724 0.320000 0.306509 0.106509 0.106276 -0.200000
0.211665 0.320000 0.316380 0.116380 0.108335 -0.200000
0.209794 0.320000 0.325298 0.125298 0.110206 -0.200000
0.206988 0.320000 0.331837 0.131837 0.113012 -0.200000
0.198115 0.320000 0.329293 0.129293 0.121885 -0.200000
0.188983 0.320000 0.325742 0.125742 0.131017 -0.200000
0.179891 0.320000 0.321570 0.121570 0.140109 -0.200000
0.170899 0.320000 0.316859 0.116859 0.149101 -0.200000
0.162181 0.320000 0.307885 0.107885 0.157819 -0.200000
0.154161 0.320000 0.289714 0.089714 0.165839 -0.200000
0.147019 0.320000 0.264583 0.064583 0.172981 -0.200000
0.141385 0.320000 0.227002 0.027002 0.178615 -0.200000
0.139524 0.320000 0.155800 0.000000 0.180476 -0.155800
0.175562 0.320000 -0.167193 0.000000 0.144438 0.167193
0.205535 0.320000 -0.263385 -0.063385 0.114465 0.200000
0.224722 0.320000 -0.293725 -0.093725 0.095278 0.200000
0.238794 0.320000 -0.307767 -0.107767 0.081206 0.200000
0.249733 0.320000 -0.314984 -0.114984 0.070267 0.200000
0.258541 0.320000 -0.318735 -0.118735 0.061459 0.200000
0.265803 0.320000 -0.320616 -0.120616 0.054197 0.200000
0.271894 0.320000 -0.321485 -0.121485 0.048106 0.200000
0.277071 0.320000 -0.321816 -0.121816 0.042929 0.200000
0.281516 0.320000 -0.321876 -0.121876 0.038484 0.200000
0.285362 0.320000 -0.321814 -0.121814 0.034638 0.200000
0.288709 0.320000 -0.321709 -0.121709 0.031291 0.200000
0.291638 0.320000 -0.321604 -0.121604 0.028362 0.200000
0.294209 0.320000 -0.321519 -0.121519 0.025791 0.200000
0.296473 0.320000 -0.321461 -0.121461 0.023527 0.200000
0.296864 0.320000 -0.319632 -0.119632 0.023136 0.200000
0.296610 0.320000 -0.316564 -0.116564 0.023390 0.200000
0.296299 0.320000 -0.312830 -0.112830 0.023701 0.200000
0.295939 0.320000 -0.308477 -0.108477 0.024061 0.200000
0.295524 0.320000 -0.303538 -0.103538 0.024476 0.200000
0.294555 0.320000 -0.297566 -0.097566 0.025445 0.200000
0.293067 0.320000 -0.288818 -0.088818 0.026933 0.200000
0.290693 0.320000 -0.275319 -0.075319 0.029307 0.200000
0.286421 0.320000 -0.250973 -0.050973 0.033579 0.200000
0.266348 0.320000 -0.109570 0.000000 0.053652 0.109570
0.248829 0.320000 0.047732 0.000000 0.071171 -0.047732
0.242628 0.320000 0.115111 0.000000 0.077372 -0.115111
0.238252 0.320000 0.159894 0.000000 0.081748 -0.159894
0.234445 0.320000 0.193395 0.000000 0.085555 -0.193395
0.230930 0.320000 0.219840 0.019840 0.089070 -0.200000
0.227640 0.320000 0.241452 0.041452 0.092360 -0.200000
0.224560 0.320000 0.259588 0.059588 0.095440 -0.200000
0.221688 0.320000 0.275125 0.075125 0.098312 -0.200000
0.219022 0.320000 0.288655 0.088655 0.100978 -0.200000
0.216560 0.320000 0.300583 0.100583 0.103440 -0.200000
0.214294 0.320000 0.311198 0.111198 0.105706 -0.200000
0.212218 0.320000 0.320711 0.120711 0.107782 -0.200000
0.210322 0.320000 0.329280 0.129280 0.109678 -0.200000
0.208596 0.320000 0.337027 0.137027 0.111404 -0.200000
0.204168 0.320000 0.340441 0.140441 0.115832 -0.200000
0.195135 0.320000 0.337403 0.137403 0.124865 -0.200000
0.186012 0.320000 0.333592 0.133592 0.133988 -0.200000
0.176952 0.320000 0.329195 0.129195 0.143048 -0.200000
0.168002 0.320000 0.324273 0.124273 0.151998 -0.200000
0.159444 0.320000 0.312753 0.112753 0.160556 -0.200000
0.151628 0.320000 0.292835 0.092835 0.168372 -0.200000
0.144813 0.320000 0.264893 0.064893 0.175187 -0.200000
0.139836 0.320000 0.221391 0.021391 0.180164 -0.200000
0.140780 0.320000 0.123755 0.000000 0.179220 -0.123755
0.185434 0.320000 -0.204565 -0.004565 0.134566 0.200000
0.211266 0.320000 -0.270638 -0.070638 0.108734 0.200000
0.228757 0.320000 -0.295451 -0.095451 0.091243 0.200000
0.241851 0.320000 -0.307640 -0.107640 0.078149 0.200000
0.252151 0.320000 -0.314093 -0.114093 0.067849 0.200000
0.260509 0.320000 -0.317541 -0.117541 0.059491 0.200000
0.267437 0.320000 -0.319345 -0.119345 0.052563 0.200000
0.273274 0.320000 -0.320248 -0.120248 0.046726 0.200000
0.278250 0.320000 -0.320667 -0.120667 0.041750 0.200000
0.282532 0.320000 -0.320838 -0.120838 0.037468 0.200000
0.286244 0.320000 -0.320891 -0.120891 0.033756 0.200000
0.289480 0.320000 -0.320897 -0.120897 0.030520 0.200000
0.292314 0.320000 -0.320894 -0.120894 0.027686 0.200000
0.294805 0.320000 -0.320902 -0.120902 0.025195 0.200000
0.296796 0.320000 -0.320732 -0.120732 0.023204 0.200000
0.296676 0.320000 -0.318243 -0.118243 0.023324 0.200000
0.296404 0.320000 -0.314970 -0.114970 0.023596 0.200000
0.296080 0.320000 -0.311049 -0.111049 0.023920 0.200000
0.295707 0.320000 -0.306519 -0.106519 0.024293 0.200000
0.295199 0.320000 -0.301424 -0.101424 0.024801 0.200000
0.294117 0.320000 -0.294816 -0.094816 0.025883 0.200000
0.292444 0.320000 -0.285083 -0.085083 0.027556 0.200000
0.289717 0.320000 -0.269658 -0.069658 0.030283 0.200000
0.284527 0.320000 -0.239824 -0.039824 0.035473 0.200000
0.259261 0.320000 -0.053105 0.000000 0.060739 0.053105
0.246818 0.320000 0.066963 0.000000 0.073182 -0.066963
0.241322 0.320000 0.127413 0.000000 0.078678 -0.127413
0.237171 0.320000 0.169071 0.000000 0.082829 -0.169071
0.233481 0.320000 0.200678 0.000678 0.086519 -0.200000
0.230050 0.320000 0.225833 0.025833 0.089950 -0.200000
0.226832 0.320000 0.246515 0.046515 0.093168 -0.200000
0.223819 0.320000 0.263951 0.063951 0.096181 -0.200000
0.221008 0.320000 0.278944 0.078944 0.098992 -0.200000
0.218401 0.320000 0.292036 0.092036 0.101599 -0.200000
0.215993 0.320000 0.303602 0.103602 0.104007 -0.200000
0.213779 0.320000 0.313911 0.113911 0.106221 -0.200000
0.211750 0.320000 0.323159 0.123159 0.108250 -0.200000
0.209898 0.320000 0.331496 0.131496 0.110102 -0.200000
0.208213 0.320000 0.339039 0.139039 0.111787 -0.200000
0.202603 0.320000 0.340794 0.140794 0.117397 -0.200000
0.193537 0.320000 0.337599 0.137599 0.126463 -0.200000
0.184424 0.320000 0.333687 0.133687 0.135576 -0.200000
0.175383 0.320000 0.329199 0.129199 0.144617 -0.200000
0.166456 0.320000 0.324193 0.124193 0.153544 -0.200000
0.158025 0.320000 0.310530 0.110530 0.161975 -0.200000
0.150317 0.320000 0.290007 0.090007 0.169683 -0.200000
0.143656 0.320000 0.261144 0.061144 0.176344 -0.200000
0.138966 0.320000 0.215649 0.015649 0.181034 -0.200000
0.141270 0.320000 0.106562 0.000000 0.178730 -0.106562
0.186670 0.320000 -0.209967 -0.009967 0.133330 0.200000
0.212083 0.320000 -0.271888 -0.071888 0.107917 0.200000
0.229389 0.320000 -0.295707 -0.095707 0.090611 0.200000
0.242368 0.320000 -0.307527 -0.107527 0.077632 0.200000
0.252586 0.320000 -0.313829 -0.113829 0.067414 0.200000
0.260880 0.320000 -0.317222 -0.117222 0.059120 0.200000
0.267758 0.320000 -0.319019 -0.119019 0.052242 0.200000
0.273554 0.320000 -0.319939 -0.119939 0.046446 0.200000
0.278495 0.320000 -0.320386 -0.120386 0.041505 0.200000
0.282748 0.320000 -0.320588 -0.120588 0.037252 0.200000
0.286435 0.320000 -0.320671 -0.120671 0.033565 0.200000
0.289649 0.320000 -0.320706 -0.120706 0.030351 0.200000
0.292464 0.320000 -0.320729 -0.120729 0.027536 0.200000
